5.559520
5.605700
5.631680
5.634700
5.612000
5.560820
5.478390
5.361960
5.208750
5.016020
4.781000
4.480890
4.100760
3.649660
3.136650
2.570760
1.961060
1.316580
0.646381
-0.040491
-0.734985
-1.428050
-2.110650
-2.773720
-3.408220
-4.005090
-4.555300
-5.049780
-5.479500
-5.835390
-6.108420
-6.289530
-6.402970
-6.479010
-6.517600
-6.518710
-6.482310
-6.408350
-6.296810
-6.147640
-5.960820
-5.736310
-5.474060
-5.174050
-4.836250
-4.460600
-4.047090
-3.595660
-3.106300
-2.578950
-2.013600
-1.410190
-0.768699
-0.066457
0.714625
1.567720
2.486000
3.462630
4.490790
5.563650
6.674390
7.816160
8.982150
10.165500
11.359500
12.557100
13.751700
14.936300
16.104200
17.248500
18.362400
19.439100
20.471700
21.453400
22.447200
23.511700
24.633500
25.799100
26.995100
28.208000
29.424500
30.631000
31.814100
32.960500
34.056600
35.089100
36.044400
36.909200
37.669900
38.313300
38.825800
39.194000
39.404400
39.443700
39.298300
38.930000
38.324300
37.503400
36.489500
35.304900
33.971900
32.512600
30.949300
29.304200
27.599700
25.857900
24.101000
22.351400
20.631300
18.962800
17.368300
15.869900
14.490000
13.250800
12.174400
11.283200
10.546800
9.914180
9.376710
8.925680
8.552400
8.248190
8.004370
7.812250
7.663140
7.548360
7.459210
7.387030
7.323110
7.258780
7.185340
7.094120
6.976420
6.823560
6.626860
6.377620
6.067170
5.708320
5.321740
4.910550
4.477840
4.026720
3.560290
3.081660
2.593920
2.100180
1.603550
1.107130
0.614012
0.127313
-0.349867
-0.814427
-1.263260
-1.693270
-2.101340
-2.484390
-2.839290
-3.162950
-3.463400
-3.750770
-4.025150
-4.286610
-4.535220
-4.771060
-4.994210
-5.204730
-5.402710
-5.588220
-5.761330
-5.922110
-6.070660
-6.207030
-6.331300
-6.443550
-6.543850
-6.632290
-6.708920
-6.773830
-6.827100
-6.861360
-6.870620
-6.857050
-6.822780
-6.769980
-6.700770
-6.617320
-6.521780
-6.416290
-6.302990
-6.184050
-6.061610
-5.937810
-5.814810
-5.694750
-5.579790
-5.472060
-5.373730
-5.286940
-5.213840
-5.156570
-5.100950
-5.033060
-4.955430
-4.870600
-4.781100
-4.689470
-4.598240
-4.509970
-4.427170
-4.352390
-4.288170
-4.237040
-4.201540
-4.184200
-4.187570
-4.214170
-4.266550
-4.347240
-4.458790
-4.603720
-4.784570
-5.014300
-5.300240
-5.636460
-6.017050
-6.436100
-6.887680
-7.365880
-7.864780
-8.378470
-8.901020
-9.426530
-9.949080
-10.462700
-10.961600
-11.439800
-11.891300
-12.310200
-12.690700
-13.026900
-13.312700
-13.542300
-13.732600
-13.904100
-14.056500
-14.189500
-14.302800
-14.396000
-14.468800
-14.520900
-14.552000
-14.561700
-14.549700
-14.515700
-14.459300
-14.380300
-14.278300
-14.152900
-14.003900
-13.830900
-13.633600
-13.411700
-13.164800
-12.694900
-11.843900
-10.671400
-9.237230
-7.600990
-5.822390
-3.961100
-2.076810
-0.229210
1.522020
3.117200
4.496640
5.600660
6.369580
6.743700
6.663350
6.068830
4.900480
3.098590
0.603495
-2.644500
-6.837380
-12.057100
-18.198400
-25.155800
-32.824100
-41.097800
-49.871700
-59.040400
-68.498500
-78.140700
-87.861700
-97.556000
-107.118000
-116.444000
-125.426000
-133.961000
-141.942000
