5.551330
5.604140
5.636470
5.645150
5.627030
5.578960
5.497810
5.380480
5.223900
5.025060
4.781000
4.470510
4.080520
3.620330
3.099270
2.526660
1.911780
1.263880
0.592150
-0.094317
-0.786504
-1.475490
-2.152470
-2.808710
-3.435590
-4.024570
-4.567190
-5.055000
-5.479590
-5.832540
-6.105380
-6.289530
-6.396170
-6.445080
-6.440360
-6.385970
-6.285710
-6.143140
-5.961620
-5.744270
-5.493990
-5.213430
-4.905070
-4.571190
-4.213940
-3.835360
-3.437440
-3.022210
-2.591760
-2.148400
-1.694690
-1.233630
-0.768699
-0.274425
0.278002
0.889652
1.561620
2.294990
3.090760
3.949770
4.872600
5.859460
6.910040
8.023350
9.197500
10.429500
11.715100
13.048300
14.421300
15.824300
17.245000
18.668800
20.078200
21.453400
22.835400
24.276200
25.769600
27.306900
28.876800
30.465000
32.053900
33.622200
35.144900
36.593500
37.936800
39.141300
40.173000
40.998900
41.588600
41.916800
41.964600
41.722100
41.188700
40.374300
39.298300
37.910800
36.222000
34.342300
32.367100
30.372700
28.415500
26.534000
24.752000
23.082100
21.529400
20.093800
18.772200
17.559800
16.451600
15.442500
14.528100
13.704800
12.969800
12.321500
11.759200
11.283200
10.882000
10.536400
10.236700
9.974930
9.743690
9.536450
9.347280
9.170690
9.001560
8.835100
8.666790
8.492370
8.307810
8.109320
7.893360
7.656640
7.396150
7.109190
6.793360
6.446580
6.067170
5.652230
5.204830
4.732080
4.240500
3.736040
3.224020
2.709200
2.195770
1.687390
1.187280
0.698210
0.222621
-0.237371
-0.679900
-1.103310
-1.506080
-1.886830
-2.244210
-2.576920
-2.883630
-3.162950
-3.422470
-3.671490
-3.910950
-4.141580
-4.363980
-4.578540
-4.785560
-4.985200
-5.177520
-5.362480
-5.539970
-5.709780
-5.871640
-6.025240
-6.170160
-6.305960
-6.432100
-6.547990
-6.652970
-6.746290
-6.827100
-6.888340
-6.924360
-6.936470
-6.926030
-6.894490
-6.843400
-6.774400
-6.689270
-6.589900
-6.478290
-6.356600
-6.227140
-6.092330
-5.954740
-5.817100
-5.682230
-5.553100
-5.432780
-5.324430
-5.231270
-5.156570
-5.084270
-4.997770
-4.899650
-4.792630
-4.679540
-4.563380
-4.447310
-4.334640
-4.228830
-4.133470
-4.052240
-3.988870
-3.947100
-3.930610
-3.942930
-3.987390
-4.067050
-4.184580
-4.342250
-4.541830
-4.784570
-5.083830
-5.445060
-5.857400
-6.310440
-6.794410
-7.300340
-7.820110
-8.346430
-8.872850
-9.393630
-9.903690
-10.398500
-10.873800
-11.326000
-11.751400
-12.146400
-12.507700
-12.831700
-13.114700
-13.352900
-13.542300
-13.694800
-13.825900
-13.936700
-14.028000
-14.100600
-14.155400
-14.193000
-14.214000
-14.219000
-14.208600
-14.183000
-14.142800
-14.088300
-14.019700
-13.937400
-13.841400
-13.732100
-13.609600
-13.474000
-13.325700
-13.164800
-12.969200
-12.718200
-12.414400
-12.060300
-11.659200
-11.214200
-10.729100
-10.207700
-9.654330
-9.073630
-8.470540
-7.850370
-7.218870
-6.582220
-5.947110
-5.320860
-4.711500
-4.128050
-3.580730
-3.081460
-2.644500
-2.280280
-1.991490
-1.784120
-1.666110
-1.648200
-1.745210
-1.978180
-2.377970
-2.991640
-3.894480
-5.214740
-7.189210
-10.305600
-15.735100
-26.984800
-56.990500
-115.128000
