4.651070
4.664060
4.677060
4.690050
4.703040
4.716040
4.729030
4.742020
4.755010
4.768010
4.781000
4.253830
3.726660
3.199500
2.672330
2.145160
1.617990
1.090820
0.563655
0.036487
-0.490681
-1.017850
-1.545020
-2.072190
-2.599350
-3.126520
-3.653690
-4.180860
-4.708030
-5.235190
-5.762360
-6.289530
-6.026630
-5.763740
-5.500840
-5.237940
-4.975050
-4.712150
-4.449250
-4.186360
-3.923460
-3.660560
-3.397670
-3.134770
-2.871870
-2.608980
-2.346080
-2.083180
-1.820290
-1.557390
-1.294490
-1.031600
-0.768699
0.289496
1.347690
2.405890
3.464080
4.522280
5.580470
6.638670
7.696860
8.755060
9.813250
10.871400
11.929600
12.987800
14.046000
15.104200
16.162400
17.220600
18.278800
19.337000
20.395200
21.453400
22.303200
23.152900
24.002700
24.852400
25.702200
26.551900
27.401700
28.251500
29.101200
29.951000
30.800700
31.650500
32.500200
33.350000
34.199800
35.049500
35.899300
36.749000
37.598800
38.448500
39.298300
37.964200
36.630200
35.296100
33.962100
32.628000
31.294000
29.959900
28.625900
27.291800
25.957800
24.623700
23.289700
21.955600
20.621600
19.287500
17.953500
16.619400
15.285400
13.951300
12.617300
11.283200
11.034800
10.786400
10.538100
10.289700
10.041300
9.792910
9.544520
9.296140
9.047760
8.799380
8.550990
8.302610
8.054230
7.805850
7.557460
7.309080
7.060700
6.812320
6.563930
6.315550
6.067170
5.627640
5.188110
4.748580
4.309050
3.869520
3.429990
2.990460
2.550930
2.111400
1.671870
1.232350
0.792816
0.353286
-0.086243
-0.525773
-0.965302
-1.404830
-1.844360
-2.283890
-2.723420
-3.162950
-3.337430
-3.511920
-3.686400
-3.860880
-4.035370
-4.209850
-4.384330
-4.558820
-4.733300
-4.907780
-5.082270
-5.256750
-5.431230
-5.605720
-5.780200
-5.954680
-6.129170
-6.303650
-6.478130
-6.652620
-6.827100
-6.747550
-6.668000
-6.588450
-6.508900
-6.429350
-6.349810
-6.270260
-6.190710
-6.111160
-6.031610
-5.952060
-5.872510
-5.792960
-5.713410
-5.633860
-5.554320
-5.474770
-5.395220
-5.315670
-5.236120
-5.156570
-5.138860
-5.121140
-5.103430
-5.085710
-5.068000
-5.050280
-5.032570
-5.014860
-4.997140
-4.979430
-4.961710
-4.944000
-4.926280
-4.908570
-4.890860
-4.873140
-4.855430
-4.837710
-4.820000
-4.802280
-4.784570
-5.201600
-5.618640
-6.035670
-6.452710
-6.869740
-7.286780
-7.703810
-8.120850
-8.537880
-8.954920
-9.371950
-9.788990
-10.206000
-10.623100
-11.040100
-11.457100
-11.874200
-12.291200
-12.708200
-13.125300
-13.542300
-13.524300
-13.506300
-13.488400
-13.470400
-13.452400
-13.434400
-13.416500
-13.398500
-13.380500
-13.362500
-13.344600
-13.326600
-13.308600
-13.290600
-13.272700
-13.254700
-13.236700
-13.218700
-13.200800
-13.182800
-13.164800
-12.663800
-12.162900
-11.661900
-11.160900
-10.660000
-10.159000
-9.658030
-9.157070
-8.656100
-8.155130
-7.654170
-7.153200
-6.652230
-6.151270
-5.650300
-5.149330
-4.648370
-4.147400
-3.646430
-3.145470
-2.644500
-10.434100
-18.223800
-26.013400
-33.803100
-41.592700
-49.382400
-57.172000
-64.961600
-72.751300
-80.540900
-88.330600
-96.120200
-103.910000
-111.700000
-119.489000
-127.279000
-135.068000
