4.673140
4.685700
4.697870
4.709630
4.721010
4.731980
4.742570
4.752760
4.762560
4.771980
4.781000
4.239290
3.699920
3.162760
2.627670
2.094510
1.563130
1.033410
0.505191
-0.021660
-0.547284
-1.071820
-1.595420
-2.118230
-2.640370
-3.162010
-3.683290
-4.204360
-4.725370
-5.246460
-5.767800
-6.289530
-6.036870
-5.785970
-5.536460
-5.287970
-5.040120
-4.792540
-4.544810
-4.296530
-4.047270
-3.796560
-3.543920
-3.288820
-3.030710
-2.768970
-2.502940
-2.231870
-1.954950
-1.671280
-1.379810
-1.079390
-0.768699
-0.146275
0.496309
1.160980
1.849880
2.565400
3.310190
4.087240
4.899910
5.751980
6.647730
7.592010
8.590370
9.649140
10.775600
11.978000
13.266200
14.651100
16.145900
17.765700
19.528000
21.453400
22.145200
22.849300
23.566200
24.296400
25.040300
25.798500
26.571400
27.359800
28.164000
28.984800
29.822800
30.678600
31.552800
32.446200
33.359500
34.293300
35.248500
36.225800
37.226000
38.249900
39.298300
36.089700
33.315000
30.895200
28.767500
26.881300
25.196500
23.680600
22.307500
21.055900
19.908200
18.850000
17.869300
16.956100
16.101900
15.299500
14.542800
13.826400
13.146000
12.497600
11.877600
11.283200
11.003100
10.728000
10.457600
10.191500
9.929300
9.670750
9.415540
9.163410
8.914100
8.667370
8.423000
8.180770
7.940480
7.701950
7.464990
7.229430
6.995110
6.761870
6.529570
6.298040
6.067170
5.514420
4.979520
4.461090
3.957880
3.468700
2.992460
2.528160
2.074840
1.631610
1.197660
0.772188
0.354465
-0.056213
-0.460516
-0.859081
-1.252520
-1.641430
-2.026370
-2.407910
-2.786590
-3.162950
-3.318770
-3.475930
-3.634490
-3.794530
-3.956130
-4.119360
-4.284320
-4.451080
-4.619730
-4.790370
-4.963070
-5.137950
-5.315100
-5.494620
-5.676610
-5.861200
-6.048480
-6.238590
-6.431640
-6.627770
-6.827100
-6.773680
-6.717960
-6.659900
-6.599450
-6.536580
-6.471230
-6.403360
-6.332930
-6.259870
-6.184130
-6.105670
-6.024410
-5.940310
-5.853290
-5.763290
-5.670230
-5.574060
-5.474690
-5.372040
-5.266030
-5.156570
-5.139050
-5.121510
-5.103960
-5.086380
-5.068780
-5.051160
-5.033530
-5.015870
-4.998190
-4.980490
-4.962780
-4.945040
-4.927290
-4.909520
-4.891720
-4.873910
-4.856080
-4.838230
-4.820360
-4.802480
-4.784570
-5.320490
-5.835080
-6.330470
-6.808580
-7.271140
-7.719730
-8.155770
-8.580590
-8.995390
-9.401300
-9.799360
-10.190500
-10.575800
-10.956000
-11.331900
-11.704400
-12.074300
-12.442200
-12.809100
-13.175500
-13.542300
-13.503100
-13.466100
-13.431100
-13.398100
-13.367100
-13.338100
-13.311100
-13.286000
-13.263000
-13.241900
-13.222800
-13.205900
-13.191100
-13.178600
-13.168400
-13.160600
-13.155500
-13.153100
-13.153700
-13.157500
-13.164800
-12.820600
-12.470300
-12.112900
-11.747700
-11.373800
-10.990100
-10.595400
-10.188400
-9.767700
-9.331510
-8.877930
-8.404740
-7.909370
-7.388830
-6.839620
-6.257620
-5.637920
-4.974650
-4.260750
-3.487570
-2.644500
-2.738360
-2.859950
-3.015270
-3.212260
-3.461600
-3.778020
-4.182360
-4.705170
-5.393000
-6.320360
-7.614250
-9.509470
-12.490600
-17.725500
-28.735500
-58.719900
-117.291000
