5.811690
5.779200
5.740700
5.700660
5.659810
5.612330
5.546240
5.446710
5.295610
5.076980
4.781000
4.404350
3.953530
3.439480
2.877430
2.281620
1.664590
1.035990
0.402616
-0.230245
-0.856198
-1.467830
-2.056330
-2.613780
-3.134180
-3.617810
-4.071100
-4.505580
-4.935650
-5.374070
-5.826340
-6.289530
-6.749930
-7.186020
-7.570650
-7.876630
-8.082570
-8.175070
-8.151100
-8.017740
-7.787920
-7.477800
-7.102500
-6.673590
-6.198170
-5.678600
-5.116460
-4.511920
-3.864190
-3.170960
-2.428980
-1.630790
-0.768699
0.164533
1.172740
2.256970
3.404970
4.598020
5.808670
7.006910
8.160860
9.249680
10.263400
11.205000
12.091100
12.954000
13.822400
14.725100
15.679900
16.697200
17.778600
18.925200
20.144100
21.453400
22.882900
24.482400
26.301400
28.392800
30.778500
33.445300
36.329700
39.328900
42.306400
45.122600
47.643000
49.740800
51.303400
52.229600
52.430300
51.848200
50.477600
48.381200
45.689500
42.590300
39.298300
36.002500
32.859800
29.974300
27.397300
25.140100
23.184500
21.497200
20.035900
18.764500
17.654300
16.679500
15.821700
15.065100
14.395100
13.800800
13.270100
12.795500
12.366400
11.974800
11.615400
11.283200
10.976100
10.692900
10.432500
10.193500
9.973950
9.771670
9.584930
9.410930
9.250540
9.105080
8.975550
8.859580
8.748660
8.627790
8.465220
8.246680
7.956270
7.587420
7.142490
6.631230
6.067170
5.464710
4.838050
4.206130
3.572230
2.950880
2.354770
1.794330
1.274090
0.800277
0.373163
-0.010595
-0.357441
-0.676620
-0.984032
-1.291500
-1.606690
-1.929690
-2.257830
-2.580800
-2.886160
-3.162950
-3.403870
-3.604440
-3.771050
-3.914840
-4.049930
-4.189900
-4.344860
-4.521500
-4.720190
-4.937000
-5.164550
-5.394190
-5.617480
-5.827820
-6.020290
-6.192880
-6.345670
-6.481100
-6.602880
-6.716410
-6.827100
-6.940720
-7.060640
-7.187400
-7.318710
-7.448010
-7.566230
-7.663500
-7.730590
-7.761220
-7.752630
-7.705860
-7.624120
-7.511000
-7.369010
-7.197040
-6.990450
-6.741030
-6.439140
-6.076350
-5.648020
-5.156570
-4.611950
-4.032030
-3.441160
-2.866330
-2.333060
-1.861820
-1.465830
-1.150610
-0.916238
-0.762087
-0.687973
-0.698647
-0.802722
-1.010780
-1.328400
-1.754320
-2.275920
-2.869760
-3.506020
-4.153370
-4.784570
-5.382220
-5.940630
-6.466630
-6.974740
-7.483660
-8.010660
-8.566860
-9.154420
-9.765760
-10.385200
-10.990700
-11.557500
-12.061800
-12.484100
-12.813300
-13.049800
-13.206000
-13.305500
-13.376600
-13.448200
-13.542300
-13.670500
-13.834200
-14.025300
-14.230300
-14.434300
-14.624300
-14.790500
-14.926900
-15.030100
-15.099500
-15.134700
-15.136100
-15.103400
-15.035200
-14.928300
-14.777100
-14.575600
-14.316200
-13.993600
-13.607900
-13.164800
-12.677300
-12.162900
-11.640000
-11.122900
-10.618500
-10.125300
-9.633600
-9.129040
-8.597680
-8.033380
-7.438340
-6.827100
-6.220050
-5.639910
-5.105450
-4.626050
-4.200020
-3.812470
-3.440190
-3.057910
-2.644500
-2.194870
-1.718330
-1.241180
-0.803801
-0.451822
-0.234272
-0.191135
-0.353747
-0.749235
-1.403680
-2.372110
-3.774990
-5.894470
-9.444560
-16.617500
-37.204200
-105.786000
