-18.582200
-18.623600
-18.637200
-18.627000
-18.595800
-18.544600
-18.470900
-18.371200
-18.240900
-18.077700
-17.881800
-17.659400
-17.420600
-17.178300
-16.944300
-16.727500
-16.529600
-16.345900
-16.165600
-15.974500
-15.758100
-15.505500
-15.212700
-14.883000
-14.528200
-14.167900
-13.826500
-13.531700
-13.309000
-13.179800
-13.157400
-13.244200
-13.431800
-13.701100
-14.026200
-14.379800
-14.737400
-15.117700
-15.532400
-15.999400
-16.531500
-17.124800
-17.752600
-18.366300
-18.905200
-19.303800
-19.495400
-19.461800
-19.204900
-18.747100
-18.128800
-17.401700
-16.621400
-15.838300
-15.099900
-14.429600
-13.849000
-13.373400
-13.018300
-12.803000
-12.752600
-12.895900
-13.261100
-13.867000
-14.728200
-15.838700
-17.180100
-18.722100
-20.426400
-22.231900
-24.084600
-25.935500
-27.747200
-29.491700
-31.177200
-32.621100
-34.202900
-35.739200
-37.222800
-38.640800
-39.975300
-41.218300
-42.375000
-43.462900
-44.502000
-45.501600
-46.450100
-47.311100
-48.023300
-48.552600
-48.952600
-49.050800
-48.938100
-48.649600
-48.205900
-47.639000
-46.978100
-46.246900
-45.465100
-44.650000
-43.817500
-42.992900
-42.182500
-41.283000
-40.538000
-39.826100
-39.138000
-38.466400
-37.797300
-37.119700
-36.426000
-35.716100
-34.995600
-34.273200
-33.557100
-32.852800
-32.160900
-31.476100
-30.789600
-30.132300
-29.464200
-28.881100
-28.166800
-27.422700
-26.564500
-25.650600
-24.683200
-23.669400
-22.626700
-21.596300
-20.668700
-19.969500
-19.727600
-19.919600
-20.294800
-20.753000
-21.239200
-21.752300
-22.320700
-22.987200
-23.798800
-24.795700
-26.001100
-27.411200
-28.945900
-30.594800
-32.222900
-33.886100
-35.554600
-36.962100
-38.176400
-39.183500
-40.051200
-40.828600
-41.558500
-42.266600
-42.956400
-43.612400
-44.209000
-44.721600
-45.137200
-45.459800
-45.703700
-45.890800
-46.040800
-46.163200
-46.252100
-46.286400
-46.233600
-46.056000
-45.719200
-45.202300
-44.499400
-43.624500
-42.606900
-41.485600
-40.302500
-39.097100
-37.905800
-36.762500
-35.702400
-34.755200
-33.939800
-33.324400
-32.962500
-32.905200
-33.181500
-33.789200
-34.677500
-35.745600
-36.872000
-37.938200
-38.785500
-39.379000
-39.737500
-39.932300
-40.048900
-40.173900
-40.366800
-40.642700
-40.981900
